BEATMAP VERSION 1.1
0.6171939
1
1.431878
0
2.638543
0
3.454167
1
4.258439
1
5.073752
0
5.889247
1
6.704556
0
7.508914
1
8.324324
0
8.771191
0
9.530634
0
9.977547
0
10.74814
0
11.17271
0
11.96611
1
12.39044
0
13.18331
1
13.59675
0
14.00985
1
14.42332
0
14.83656
0
15.23869
0
15.64072
1
16.04288
1
16.44497
0
16.8471
0
17.24918
1
17.65128
0
18.05355
0
18.45557
0
18.8577
0
19.25981
0
19.67336
1
20.06404
1
20.47739
1
20.87948
0
21.29278
0
21.68382
0
22.09698
1
22.49913
4
22.91282
1
23.31455
0
23.71687
1
24.13034
1
24.53217
0
24.93448
0
25.33666
0
25.74962
1
26.15195
1
26.5539
1
26.95604
0
27.36963
1
27.77156
0
28.17397
0
28.57595
0
28.98903
1
29.40239
1
29.80451
0
30.20653
0
30.60867
0
31.02253
1
31.42408
1
31.82627
0
32.21732
1
32.64172
1
33.04383
0
33.44624
0
33.84798
0
34.25027
1
34.66347
0
35.06551
0
35.47935
1
35.88152
0
36.28374
0
36.68566
1
37.09846
1
37.50085
1
37.91405
1
38.30491
0
38.71846
0
39.12041
0
39.5336
0
39.92474
0
40.3379
1
40.73999
1
41.15351
0
41.55554
1
41.95792
0
42.37089
1
42.77298
0
43.18106
0
43.57778
1
43.96307
4
44.39265
1
44.79476
0
45.19701
0
45.61079
0
46.01224
1
46.40334
5
46.81652
0
47.23058
0
47.64372
1
48.03484
0
48.44741
1
48.84951
1
49.26309
1
49.65391
1
50.0671
0
50.45798
4
50.88247
0
51.2741
0
51.6867
0
52.07786
1
52.46861
5
52.86043
4
53.25052
5
53.71964
0
54.11071
1
54.52395
1
54.92606
1
55.33995
1
55.73918
3
56.14119
1
56.55442
1
56.93972
4
57.3588
0
57.76327
1
58.16553
1
58.57927
2
58.98132
2
59.39429
1
59.79627
1
60.19835
1
60.61179
0
61.01384
0
61.41601
1
61.8181
1
62.23141
2
62.63355
0
63.04185
1
63.43773
1
63.85109
0
64.25317
0
64.65536
3
65.05753
3
65.47089
3
65.89515
1
66.28604
2
66.68815
0
67.09047
3
67.48135
1
67.89453
2
68.30786
5
68.70997
0
69.12386
5
69.51437
2
69.9054
0
70.33015
2
70.72062
4
71.11166
1
71.50253
1
71.89352
2
72.28444
5
72.69788
0
73.16713
5
73.58042
2
74.00481
0
74.39627
3
74.78657
2
75.19998
3
75.60201
1
76.00429
3
76.40636
3
76.81955
3
77.22187
2
77.62386
3
78.01027
0
78.41692
3
78.8637
1
79.25474
2
79.65679
4
80.05893
2
80.49465
0
80.8855
0
81.27705
2
81.66734
0
82.06952
1
82.47171
0
82.9021
4
83.29831
2
83.68404
0
84.08013
2
84.4654
3
84.86214
1
85.26426
0
85.68871
1
86.15777
1
86.54898
4
86.97319
1
87.37545
1
87.77744
0
88.16847
2
88.60402
1
89.00037
5
89.40836
2
89.79919
5
90.61465
3
91.00558
5
91.43014
5
92.03324
1
92.44096
0
92.85985
4
93.25114
0
93.85426
1
94.26718
3
94.6806
5
95.17218
5
95.67467
0
96.07676
0
96.5682
3
96.95969
2
97.4285
3
97.85337
0
98.32245
3
98.72414
1
99.12621
2
99.53952
1
99.92819
3
100.3526
5
100.7995
2
101.1861
5
101.5813
0
101.9752
1
102.3772
3
102.7797
1
103.4044
3
103.7953
0
104.1866
1
104.5995
1
105.0017
0
105.4038
0
105.8059
1
106.2416
1
106.6884
3
107.0794
0
107.4652
5
107.8613
2
108.4533
1
108.9448
0
109.6037
2
110.0845
2
110.4751
3
110.8886
4
111.4916
1
111.9997
1
112.3963
3
112.7816
0
113.1671
2
113.6141
3
114.0719
2
114.7315
1
115.1334
0
115.6916
3
116.4064
2
116.8756
3
117.3672
1
117.7698
0
118.1824
0
118.585
0
118.9978
0
119.4
0
119.8132
1
120.2042
0
120.6176
0
121.0196
0
121.4329
0
121.8241
0
122.2374
4
122.6393
1
123.0526
1
123.4547
5
123.857
0
124.259
1
124.6723
1
125.0744
1
125.4765
1
125.8677
5
126.2924
0
126.6944
0
127.0969
0
127.5096
0
127.9118
1
128.3138
1
128.7218
5
129.1292
0
129.5313
1
BPM: 137.5729
