BEATMAP VERSION 1.1
0.5101553
1
1.132651
0
2.305693
0
4.048262
3
5.165191
1
6.326923
1
7.946632
3
8.773114
4
9.588683
1
10.40427
3
11.21947
1
12.04028
3
12.86155
3
13.67684
0
14.49227
0
15.3096
2
16.12505
5
16.94024
0
17.75583
0
19.18555
5
20.40331
4
21.4642
1
22.42505
3
23.30726
2
24.12269
1
24.90472
0
25.65302
3
26.3679
0
27.04922
5
27.70845
3
28.35614
4
28.98169
1
29.66316
0
30.27751
0
30.86946
0
31.43914
0
32.00906
5
32.65694
3
33.23756
0
34.0529
5
34.578
4
35.10315
2
35.70607
3
36.21999
4
36.72278
5
37.22549
4
37.72796
3
38.21945
2
38.70092
0
39.28058
1
39.76089
3
40.26355
4
40.73267
2
41.22422
5
41.69341
2
42.29654
5
42.75453
4
43.21249
3
43.68159
3
44.12852
1
44.91032
3
45.34856
5
45.79297
3
46.2284
4
46.70888
3
47.39028
2
47.82591
2
48.25062
2
48.73044
5
49.15489
5
49.57944
1
50.00388
1
50.51768
1
51.02032
1
51.43974
0
51.84701
1
52.26025
0
53.61193
2
54.79588
1
55.5778
5
56.56079
1
57.5438
0
59.48518
0
59.99904
1
61.3062
0
61.68609
2
62.32332
3
62.74727
0
63.12699
4
63.54026
3
63.91994
1
64.29989
3
64.73534
3
65.20452
0
65.67368
3
66.12066
5
66.50038
0
66.88021
2
67.26002
3
67.98599
0
70.4323
1
71.72801
1
72.95669
3
73.69447
3
74.18539
2
74.56531
1
75.146
0
75.80499
0
76.20708
0
76.6204
2
77.11202
0
77.74864
0
78.4077
0
79.06693
1
79.71461
0
80.36257
1
81.01034
0
81.66946
0
82.18323
2
82.97627
1
83.35052
0
83.72473
0
84.11586
1
84.76372
2
85.57885
0
86.23795
0
86.68479
0
87.07562
3
87.54499
0
88.20383
1
88.65084
0
89.84588
1
90.33739
0
91.28691
2
91.85652
2
92.40395
4
92.82845
3
93.38687
5
93.76678
3
94.14632
1
94.52615
0
94.90669
0
95.28574
0
95.66553
0
96.04528
0
96.42507
1
96.79979
1
97.18456
3
97.56451
1
97.94421
5
98.63663
1
99.01645
3
99.39622
1
99.77592
3
100.1558
3
100.5356
3
100.9154
0
101.2959
1
101.6749
0
102.0547
0
102.4293
0
102.8143
4
103.1943
1
103.574
3
103.9537
0
104.3335
1
104.7133
1
105.0878
0
105.4728
0
105.8527
0
106.2325
4
106.6123
1
106.992
5
107.3717
0
107.7459
1
108.1202
0
108.5
0
108.8798
5
109.2596
1
109.6393
1
110.0192
0
110.4048
1
110.7899
5
111.1697
0
111.5496
1
111.9294
0
112.309
0
112.6889
4
113.0632
0
113.4485
1
113.8284
1
114.208
0
114.6064
1
114.9901
0
115.3697
0
115.7495
0
116.1293
0
116.5046
0
116.8888
0
117.2687
1
117.6485
1
118.0284
5
118.4081
1
118.7878
3
119.1621
0
119.5361
1
119.9257
3
120.3055
1
120.685
0
121.0654
0
121.4446
0
121.8205
5
122.1947
1
122.5744
1
122.9543
1
123.334
1
123.7137
1
124.0924
1
124.4783
1
124.8633
1
125.3655
0
125.7455
1
126.1265
1
126.5113
1
126.8961
4
127.2761
5
127.6557
4
128.0356
1
128.4609
1
128.8408
5
129.2206
0
129.6004
1
129.9802
0
130.5946
0
130.9742
0
131.3596
0
131.7338
4
132.1137
4
132.4934
0
132.8732
5
133.2865
1
133.6663
4
134.0462
4
134.437
0
134.8168
0
135.1966
5
135.5827
1
135.9674
0
136.3475
4
136.7271
4
137.1068
3
137.4979
0
137.8777
4
138.2686
0
138.6483
0
139.028
0
139.4079
1
139.7878
0
140.2121
0
140.6254
4
141.0275
1
141.4297
3
141.9994
4
142.435
3
143.0271
5
143.4017
3
144.0325
4
144.5996
0
144.9904
3
146.1857
2
146.6573
2
147.2269
2
147.6074
2
148.2323
3
148.6458
3
149.0423
4
149.4275
3
149.8298
1
150.567
3
150.9578
2
151.3378
3
151.8629
3
152.4659
2
152.8457
2
153.4599
1
153.8621
1
154.4875
3
155.0462
0
155.4594
2
156.0402
3
156.42
2
157.0791
2
157.7716
3
158.3636
2
158.8327
2
159.2236
3
159.6034
2
159.9898
2
160.4077
2
160.8991
3
161.2789
5
161.8821
0
162.3179
0
162.6976
0
163.0998
1
163.4797
0
163.8593
0
164.239
0
164.6189
0
164.9931
0
165.3672
0
165.7754
0
166.1496
0
166.529
0
166.9869
3
167.3667
0
167.7466
0
168.2379
0
168.6177
3
169.0086
0
169.4667
2
169.8409
0
170.215
0
170.5947
1
171.0193
1
171.4438
0
171.8234
0
172.3263
0
172.9518
2
173.3649
1
173.7511
1
174.2808
0
174.6718
5
175.0516
0
175.5765
1
176.2357
0
176.6155
5
176.9954
1
177.4197
3
177.7996
1
178.1793
3
178.8384
0
179.4861
4
179.8659
2
180.2458
0
180.6368
0
181.0611
3
181.4409
2
182.1112
3
182.7479
0
183.15
0
183.9655
2
184.8255
2
185.5181
3
185.9872
3
187.9866
1
189.372
3
189.8297
3
190.4105
3
190.835
2
191.472
3
191.8516
2
192.6724
4
193.1809
1
194.6777
3
195.1469
2
195.6277
0
196.5654
2
198.2408
1
199.0676
0
199.5591
1
200.7095
1
201.0893
1
201.5249
5
202.1273
3
202.664
2
203.0435
5
203.5574
3
203.9322
0
204.3064
1
204.6862
3
205.066
1
205.4458
0
205.8255
5
206.2053
1
206.5907
3
206.9648
4
207.3447
4
208.1824
5
208.5622
1
208.9532
0
209.333
0
209.7185
2
210.1037
1
210.4836
3
210.8634
4
211.2431
1
211.6342
0
212.0139
5
212.3937
0
212.7734
1
213.16
0
213.5442
0
213.924
1
214.3037
0
214.6837
0
215.0633
5
215.4543
0
215.8452
0
216.2251
2
216.5992
1
216.9958
0
217.381
4
217.7553
4
218.1463
1
218.5709
0
218.9505
5
219.3638
1
219.7435
0
220.1234
4
220.5087
0
220.883
4
221.2628
0
221.6425
1
222.0223
0
222.4022
4
222.7823
4
223.1693
1
223.5529
1
223.933
0
224.3681
5
224.748
0
225.1277
1
225.513
3
225.8873
1
226.2677
0
226.6468
1
227.0267
1
227.4065
1
227.7863
3
228.1714
2
228.5457
0
228.9368
5
229.7074
4
230.0874
1
230.4671
4
230.858
5
231.2379
3
231.612
0
231.9863
0
232.3774
0
232.757
5
233.1368
5
233.5166
4
233.8964
1
234.2709
1
234.7005
4
235.1028
0
235.5272
1
235.907
1
236.3036
0
236.6888
1
237.0688
1
237.4707
5
237.9176
0
238.2972
5
238.677
4
239.0569
1
239.4478
0
239.8611
2
240.241
0
240.6207
1
241.0004
4
241.4249
0
241.827
4
242.2067
4
242.5866
1
242.9666
4
243.3408
0
243.7259
1
244.1059
1
244.5527
3
244.9995
3
245.3736
0
245.7478
3
246.1275
1
246.5074
1
246.8871
4
247.2668
1
247.6466
3
248.0342
1
248.4174
4
248.7972
4
249.1769
5
249.5567
1
249.9365
0
250.4616
2
250.847
1
251.2323
2
251.612
3
252.0029
1
252.3827
2
252.7624
0
253.1421
1
253.522
3
253.9019
3
254.2884
0
254.6726
0
255.0523
1
255.7894
2
256.1645
3
256.5492
5
256.9289
3
257.3086
4
257.6885
3
258.0682
1
258.4592
0
258.8724
0
259.2522
1
259.6321
3
260.0117
4
260.386
0
261.017
1
261.3969
5
261.7769
5
262.1565
5
262.5587
0
262.9385
1
263.3573
1
263.7315
0
264.1113
4
264.4911
4
264.8822
0
265.273
1
265.6528
1
266.1014
0
266.5481
5
266.9278
4
267.3858
5
267.8549
1
268.2348
1
268.6257
0
269.0055
1
269.3855
4
270.1896
4
271.4739
2
273.6968
4
275.2494
4
BPM: 119.4553
