BEATMAP VERSION 1.2
Asgore
902
26
2.268767
1
3.386122
1
3.888623
0
4.435942
0
5.754193
1
6.50257
0
7.027653
0
7.530237
1
8.032958
0
8.55795
1
11.17164
1
15.33827
0
15.86325
1
16.36586
0
16.86838
0
17.40466
2
17.91846
2
21.06843
1
22.9339
3
24.31893
0
25.74875
1
26.73182
3
27.63647
1
28.45199
0
29.22256
0
29.9601
1
30.65791
0
31.32265
2
31.97047
1
32.5849
0
33.18811
1
34.08175
2
34.64017
1
35.19324
0
35.73486
1
36.26035
1
36.79605
1
37.30977
1
37.82376
0
38.33745
1
38.86247
0
39.37626
3
39.91245
0
40.42623
1
40.9791
0
41.50274
1
42.02201
1
42.53561
1
42.5691
0
42.59169
1
42.60256
1
42.60777
0
43.11652
2
43.62096
2
44.12374
1
44.62653
0
45.12893
2
45.6319
2
46.13419
0
46.63679
1
47.14498
5
47.65331
3
48.15599
3
48.65862
3
49.16135
0
49.66391
1
50.25609
2
50.79205
3
51.30588
2
51.80853
1
52.31113
0
52.81387
0
53.38365
3
53.88631
0
54.38943
1
54.8916
1
55.43874
3
55.94144
2
56.44413
2
56.94755
3
57.57228
3
58.07524
2
58.58881
4
59.09154
3
59.59434
0
60.09689
4
60.5994
0
61.10207
2
61.71647
2
62.21914
3
62.72174
3
63.22454
5
63.82761
2
64.3305
3
64.83289
0
65.33553
3
65.8718
3
66.38027
4
66.88828
5
67.39086
1
67.89352
2
68.39648
1
68.92168
5
69.42384
3
69.97788
2
70.4856
0
71.01002
5
71.5127
1
72.06003
2
72.56274
5
73.08833
5
73.59084
1
74.13771
2
74.66846
4
75.17648
2
75.67921
3
76.18172
3
76.68456
5
77.26537
3
77.76791
1
78.31525
3
78.81797
1
79.34312
3
79.84624
0
80.40414
3
80.90692
1
81.44299
4
81.94571
1
82.49289
3
82.99563
2
83.49854
3
84.00162
1
84.50394
1
85.00622
4
85.5424
1
86.05623
3
86.55898
0
87.06147
3
87.56429
2
88.12266
0
88.75935
0
89.29552
0
89.79839
5
90.34556
1
90.85934
5
91.47375
5
91.99879
2
92.50137
2
93.07112
1
93.57396
4
94.07635
0
94.57903
2
95.1041
1
95.60683
3
96.12051
0
96.65668
0
97.19276
1
97.69545
1
98.1982
3
98.70088
1
99.30396
3
99.80671
1
100.3429
3
100.8679
5
101.3705
1
101.8787
1
102.387
1
102.8897
1
103.426
0
103.9284
0
104.4311
1
104.9338
0
105.4925
1
105.995
3
106.5088
0
107.0182
0
107.5205
0
108.0232
2
108.5258
3
109.2455
1
126.4251
3
126.9724
0
127.4863
2
127.989
3
128.5362
2
129.0389
3
129.575
2
130.089
3
130.6475
1
131.1502
1
131.6864
0
132.189
1
132.7141
1
133.2278
2
133.7529
1
134.2666
3
134.7804
3
135.3167
2
135.825
2
136.3554
2
136.8693
3
137.4277
1
137.9303
1
138.4666
1
138.9692
3
139.4941
1
140.0079
3
140.5163
2
141.0244
1
141.5272
0
142.0521
1
142.5659
1
143.1022
0
143.616
0
144.1186
0
144.6214
0
145.124
0
145.6266
2
146.1294
3
146.6319
0
147.1347
1
147.6373
0
148.1401
1
148.665
0
149.1788
0
149.6902
0
150.193
4
150.6958
5
151.1983
1
151.7032
0
152.2059
1
152.7421
0
153.2447
1
153.7475
0
154.641
1
155.1436
3
155.6862
0
156.1943
0
156.7187
1
157.2219
2
157.7574
1
158.2601
2
158.7851
3
159.3101
3
159.824
3
160.3489
2
160.8739
2
161.4212
0
161.9241
0
162.4713
0
162.974
3
163.4766
2
164.0016
2
164.5153
2
165.0516
3
165.5542
0
166.0575
2
166.6154
3
167.1292
0
167.6542
2
168.2126
0
168.7155
3
169.2181
0
169.7207
0
170.2345
0
170.7371
0
171.307
3
171.8318
2
172.3462
3
172.9041
1
173.4073
2
173.9428
1
174.4522
3
174.9704
0
175.4845
2
175.9983
3
176.5344
3
177.048
2
177.5787
2
178.0868
3
178.6454
0
179.148
3
179.6842
0
180.1869
2
180.7117
4
181.2256
3
181.7508
0
182.2534
2
182.7895
2
183.2921
3
183.8173
2
184.3534
2
184.856
0
185.4033
2
185.9171
3
186.4539
2
186.9671
2
187.4698
3
187.9723
0
188.5086
5
189.0559
3
189.5586
0
190.0611
1
190.5637
1
191.1447
4
191.6534
3
192.1611
1
192.6639
3
193.2112
0
193.7138
2
194.2165
1
194.7191
5
195.2999
2
195.8027
2
196.3389
2
196.8414
2
197.3441
0
197.869
2
198.3716
2
198.8743
1
199.4886
2
199.9912
0
200.5052
2
201.0077
4
201.5775
3
202.0802
3
202.5827
1
203.0853
2
203.6664
4
204.1746
1
204.7386
1
205.2526
2
205.755
0
206.2577
2
206.7604
0
207.2629
5
207.8212
3
208.3239
1
208.8264
1
209.335
1
209.9102
2
210.4129
3
210.949
0
211.4518
2
211.9543
3
212.4681
0
212.9707
0
213.4735
5
213.9762
3
214.4789
3
215.0148
4
215.5175
1
216.0647
3
216.5675
4
217.0813
5
217.584
0
218.1311
0
218.6338
4
219.1701
3
219.6726
1
220.22
3
220.7227
3
221.2252
1
221.7279
0
222.2308
5
222.7841
1
223.3588
3
223.8615
1
224.5316
3
225.0342
1
225.5369
0
226.0395
0
226.6204
3
227.1232
3
227.6311
1
228.1395
5
228.726
3
229.2341
3
229.748
2
230.2506
3
230.7981
3
231.3006
1
231.8038
0
232.3062
1
232.8868
3
233.3895
3
233.892
2
234.3947
1
234.9646
3
235.467
2
235.9809
1
236.4836
4
237.0645
3
238.0922
5
238.6282
3
239.1311
3
239.6781
1
240.181
2
240.6836
5
241.2644
1
241.767
3
242.2699
2
242.7723
5
243.2973
1
243.8
2
244.3026
2
244.8387
3
245.4084
3
245.9112
1
246.4471
3
246.9497
2
247.4972
2
248
0
248.5025
3
249.0053
2
249.5246
2
250.0328
5
250.5355
2
251.0383
3
251.5409
1
252.0435
4
252.5462
4
253.0488
4
253.5515
4
254.0602
2
254.5681
4
255.0707
2
255.5846
3
256.0927
2
256.6008
3
257.1036
2
257.6061
2
258.1091
3
258.6116
4
259.1142
3
259.6503
1
260.1586
4
260.6671
3
261.1698
0
261.6724
3
262.175
3
262.6777
2
263.2362
3
263.7391
5
264.2864
0
264.7891
3
265.3029
1
265.8055
5
266.3304
1
266.8333
4
267.3583
1
267.8606
2
268.3632
2
268.8658
3
269.4021
2
269.9047
2
270.4073
3
270.9101
3
271.4349
3
271.9378
2
272.4406
3
BPM: 101.5267
