BEATMAP VERSION 1.1
15.77824
5
16.29618
2
16.82231
1
17.34873
2
17.86868
1
18.39272
3
18.91995
3
19.43392
3
19.94719
0
20.45923
3
20.97609
3
21.50201
0
22.02642
3
22.6168
4
23.13797
5
23.66323
0
24.18151
2
24.70484
1
25.24928
5
25.84076
1
26.36609
3
26.89005
1
27.49771
1
28.03798
3
28.64135
2
29.28254
2
29.87263
2
30.40087
3
31.00793
2
31.5325
3
32.05457
3
32.61265
0
33.35327
2
33.89155
1
34.48301
1
35.01044
0
35.54985
0
36.097
1
36.68905
0
37.30058
0
37.83875
0
38.36282
0
38.88314
1
39.49302
3
40.10859
1
40.66329
2
41.24277
5
41.76135
3
42.35867
2
43.01906
0
43.53812
0
44.10186
1
44.68051
0
45.29471
0
45.84307
3
46.3616
0
46.88562
0
47.40972
2
47.93266
0
48.6199
1
49.33065
1
49.86126
0
50.3851
2
50.8978
0
51.44083
3
51.966
0
52.62209
1
53.13894
3
53.65997
0
54.20506
1
54.73527
1
55.25742
0
55.78681
3
56.37816
1
56.89987
2
57.45874
2
57.98004
0
58.50349
2
59.02459
1
59.54836
1
60.11174
0
60.63612
1
61.33257
0
61.85801
2
62.38235
1
63.11318
1
63.68779
1
64.43091
0
65.05889
1
65.64777
1
66.36238
2
66.88567
3
67.49291
1
68.06225
3
68.61631
1
69.25364
2
69.77666
1
70.36919
1
70.88549
0
71.47726
3
72.10194
1
72.64172
0
73.18255
2
73.73969
0
74.36502
2
74.89441
1
75.48521
1
76.01952
2
76.61631
1
77.16248
0
77.77365
2
78.3826
2
78.98915
0
79.51445
3
80.43723
1
81.06116
1
81.61568
1
82.39832
1
82.99222
1
83.55341
1
84.42822
1
85.00247
0
85.5517
0
86.18134
0
86.77354
1
87.31013
0
87.98415
1
88.49554
0
89.3064
1
89.86628
0
90.42252
1
91.01491
1
91.54301
0
92.16782
0
92.74097
2
93.31788
1
93.91076
1
94.47033
1
94.99162
0
95.51237
0
96.4178
1
97.03956
0
97.60805
0
98.4217
0
99.01038
0
99.56831
1
100.4293
0
101.0103
2
101.5306
1
102.181
1
102.7753
0
103.6469
1
104.4399
1
105.0006
3
105.5417
1
106.3845
4
107.009
0
107.6183
1
108.1811
0
108.775
0
109.3006
2
109.9259
0
110.648
0
111.2363
1
111.8091
1
112.5045
1
113.0608
0
113.6604
1
114.6954
1
115.4892
0
116.0977
0
116.619
1
117.2363
0
117.7611
1
118.6379
0
119.2892
1
120.3665
1
121.05
0
121.639
0
122.3971
0
123.0203
1
123.5603
0
124.1836
1
124.7296
1
125.5094
0
126.1178
0
126.8039
1
127.6619
1
128.3876
0
129.0643
0
129.8507
0
130.3739
3
131.0312
1
131.5559
1
132.1815
1
132.8573
2
133.5135
1
134.1172
1
134.6354
1
135.3038
1
136.3679
1
137.0576
0
138.482
1
139.0135
0
139.5396
0
140.0999
0
140.626
1
141.2829
5
141.8562
3
142.3807
1
143.0546
1
143.6644
1
172.1522
1
172.6884
1
173.3199
0
173.9146
0
174.436
2
175.06
1
175.5869
0
176.1069
2
176.7313
1
177.3905
0
177.9026
3
178.4423
2
179.0665
3
179.591
4
180.1655
1
180.7032
0
181.3129
1
181.8532
1
182.3989
3
182.9096
1
183.5306
0
184.0483
2
184.6556
3
185.3162
0
185.8443
1
186.4031
3
186.9153
1
187.4377
0
187.9671
0
188.5419
0
189.1322
0
189.7085
0
190.3844
3
190.896
1
191.4223
3
191.9966
1
192.5192
1
193.0629
0
193.5917
0
194.1352
0
194.7227
1
195.2727
1
195.826
2
196.3791
3
197.0232
1
197.5438
3
198.2211
3
198.7367
0
199.3118
0
199.9042
1
200.4277
2
201.071
0
201.5962
0
202.1588
1
202.7171
1
203.2755
3
203.8262
1
204.4344
3
205.095
0
205.6653
3
206.2051
2
206.7309
0
207.2562
2
207.7823
0
208.4944
0
209.0381
3
209.5996
1
210.1464
0
210.7215
0
211.2798
1
211.8681
1
212.4113
0
212.9371
2
213.5056
2
214.0182
1
214.5291
1
215.0429
1
215.5655
1
216.1069
2
216.6468
0
217.2869
3
217.813
3
218.3543
3
218.8987
0
219.4223
2
219.9406
3
220.4639
0
221.0839
0
221.6845
0
222.2048
3
222.7161
0
223.2546
2
223.7976
0
224.4052
2
224.9309
3
225.5383
1
226.0641
2
226.9068
2
227.4308
0
227.9726
3
228.6452
3
229.1867
1
229.7096
1
230.2321
0
230.7581
1
231.2868
2
231.8459
2
232.4021
3
232.9254
2
233.5253
1
234.1466
1
234.6864
2
235.2086
3
235.7684
2
236.479
1
237.0873
1
237.6547
0
238.4493
0
239.0202
0
239.5945
1
240.5203
0
241.0378
2
241.5939
1
242.4616
1
243.0807
1
243.6899
1
244.2494
0
244.8081
0
245.3334
0
245.8933
1
246.4398
0
247.0259
0
247.5806
0
248.2293
1
248.8303
1
249.3725
0
249.9685
0
250.5167
0
251.0376
0
251.5642
1
252.4826
1
253.0497
2
253.6597
0
254.3176
3
254.9272
1
255.5356
2
256.4746
0
257.0695
0
257.597
1
258.1519
0
258.6664
1
259.2876
0
259.8203
0
260.412
5
261.0861
0
261.8865
1
262.4454
0
263.0356
1
263.557
2
264.2215
0
264.7935
0
265.3402
3
265.9509
1
266.5114
0
267.1
1
267.6173
5
268.205
4
268.8159
0
269.3403
1
269.8808
1
270.3991
3
270.9224
0
271.5323
0
272.2057
1
273.0728
0
273.6794
1
274.2242
1
274.8303
1
275.3556
0
275.9007
0
276.4266
0
277.1013
0
277.6982
0
278.2553
0
278.7932
1
279.3182
0
279.877
0
280.4035
1
281.0965
1
281.6261
1
282.1541
1
282.8279
1
283.3905
0
283.9134
2
284.5386
1
285.0979
1
285.6904
0
286.5184
1
287.06
1
287.5984
1
288.2097
0
288.8058
1
289.5336
0
290.056
1
290.6811
0
291.3442
0
292.409
0
293.0941
0
293.6131
1
294.2408
1
294.8444
0
295.3961
3
296.1904
1
296.7504
0
297.3581
1
297.8788
2
298.4532
3
299.1116
1
299.7203
0
BPM: 86.28045
