BEATMAP VERSION 1.1
6.083018
5
7.090466
1
8.095181
1
9.086525
1
10.09677
0
11.09042
0
12.09751
0
13.10705
5
13.7637
1
14.26717
5
15.07784
0
16.07804
0
17.08558
0
18.08473
0
19.09269
0
20.09528
1
20.75
0
22.07036
5
23.08855
1
24.09501
0
25.10808
1
26.10411
0
27.09275
1
28.09582
1
28.7545
1
30.09237
5
31.09462
0
32.0917
1
33.09571
1
34.08464
1
35.09171
1
36.09684
1
36.76613
0
38.07785
5
39.08132
1
40.08688
0
41.07745
1
42.08601
1
43.09599
1
44.09196
0
44.74434
1
46.06761
5
47.06474
1
48.09249
1
49.10182
0
50.10089
0
51.1071
1
52.09459
0
52.76624
0
54.08955
5
55.09696
1
56.08699
0
57.09635
0
58.09512
1
59.10169
0
59.75504
0
60.44328
1
61.07417
1
61.76585
0
62.26959
4
63.07561
1
64.0677
1
65.0916
1
66.09791
0
67.08588
1
68.09132
1
69.06233
1
70.06696
1
71.08853
1
72.07243
1
73.10079
0
74.09451
0
75.09238
0
76.10267
0
76.77103
1
77.42608
2
78.09868
1
79.08936
0
80.08755
0
81.09389
1
82.08833
1
83.09567
1
84.08488
5
85.0758
3
86.07961
0
87.08595
0
88.0886
0
89.09624
1
90.09767
1
91.08707
0
92.08926
0
93.07645
1
94.06904
1
95.08562
0
96.08167
0
97.08012
0
98.09502
0
99.10123
0
100.1146
1
101.0889
0
102.0954
0
103.0874
0
104.0932
1
105.0976
1
106.0965
1
107.0805
4
108.0864
5
108.5886
1
109.1023
5
109.7592
1
110.2631
4
111.0761
1
112.0932
1
113.0953
0
114.0873
1
115.0622
4
116.0623
5
116.7421
0
118.0801
0
119.0879
0
120.0857
0
121.0749
0
122.0848
0
123.0736
3
124.0845
4
124.7637
0
126.083
0
127.0842
1
128.0927
0
129.0963
1
130.1001
1
131.0721
2
132.0777
5
132.7629
0
134.088
1
135.0781
0
136.0922
0
137.0967
1
138.0853
1
139.0628
2
140.0704
4
140.7433
0
142.082
1
143.0884
0
144.0797
1
145.0786
1
146.0708
0
147.0562
3
148.0969
5
148.7757
1
150.0847
0
151.0805
0
152.0915
0
153.0933
0
154.105
0
155.0891
2
156.0789
5
156.7558
0
157.4246
0
158.0758
0
159.0972
1
160.0834
0
161.0962
1
162.0837
0
163.0727
2
164.065
4
165.0871
0
166.0873
1
167.0741
1
168.084
1
169.0856
1
170.0833
1
171.0585
3
172.0683
5
172.5739
1
173.094
1
173.7731
1
174.2843
4
175.0895
0
176.0907
0
177.1101
1
178.1069
1
179.0788
1
180.078
0
181.0858
0
182.0808
0
183.0856
0
184.0857
0
185.0913
0
186.0869
0
187.0693
0
188.0696
0
189.0898
1
190.084
0
191.0885
1
192.0882
0
193.0897
1
194.056
4
195.0691
1
196.0823
0
197.0741
1
198.0882
1
199.097
1
200.1059
1
200.6092
1
201.1106
4
201.7683
4
202.2718
5
203.0794
1
204.0875
1
205.0768
0
206.0865
0
207.0866
0
208.093
0
208.7465
0
210.0892
1
211.0685
0
212.0907
1
213.083
1
214.0878
0
215.082
1
216.0851
1
217.0688
5
218.0918
1
219.0714
0
220.0812
1
221.0702
0
222.0707
0
223.103
1
224.104
1
224.7602
1
226.083
5
227.0884
0
228.0915
1
229.094
0
230.103
0
231.0908
0
232.0935
1
232.7563
1
233.4417
1
234.0778
4
235.0813
0
236.089
0
237.0812
1
237.7733
1
238.2832
5
BPM: 61.94311
