BEATMAP VERSION 1.1
Metal Crusher
0
0
4.334659
1
5.95425
0
7.1773
3
8.199407
2
9.249409
3
10.07601
1
10.93612
2
11.82969
2
12.61167
1
13.38241
2
14.05814
3
14.82343
0
15.47122
2
16.10783
3
16.75581
1
17.5265
3
18.16314
1
18.79988
0
19.48133
1
20.10684
2
20.7435
5
21.33551
0
21.92754
0
22.5754
0
23.46904
1
24.11679
3
24.75356
3
25.34556
3
25.94347
0
26.56874
1
27.19975
2
27.87005
0
28.52905
1
29.15462
1
29.93649
2
30.7072
0
31.38862
3
32.264
1
33.03061
2
33.73437
0
34.33754
0
35.10829
0
35.88927
1
36.80522
2
37.41974
0
38.21355
2
38.98433
0
39.75507
3
40.54814
0
41.31908
3
42.08962
0
43.12837
0
43.89921
2
44.68106
0
45.44066
2
46.08854
2
46.75861
1
47.51896
2
48.14388
0
48.81405
0
49.58471
2
50.22148
2
50.88046
0
51.57313
0
52.17625
3
52.85753
2
53.4777
0
54.23153
3
55.02475
0
55.79536
3
56.5661
1
57.35917
2
58.11874
1
58.72196
1
59.42562
2
60.18534
0
60.7884
1
61.49224
2
BPM: 76.10715
